4.864806570307426721e-24
-4.630933450502044481e-22
1.437602646202023502e-20
-5.706944771956491680e-20
-4.515637611709318074e-18
1.560053166149091020e-17
1.728510857211933439e-15
2.770847593388756028e-15
-6.632000323928294418e-13
-4.219347931621505076e-12
2.570693408678279876e-10
1.992579770498659389e-09
-1.132375705709240291e-07
-7.390976986428722071e-08
5.036500975102971230e-05
-1.042297335239875762e-03
1.141939612600614308e-02
-7.884070570188579652e-02
3.567122053168245710e-01
-1.050883419791455387e+00
2.169036005895262242e+00
