5.430520019531249742e-01
5.066856994628906596e-01
4.730672912597655988e-01
4.421608276367187673e-01
4.136700744628906135e-01
3.873546447753906108e-01
3.628101806640625093e-01
3.400916442871093626e-01
3.187039184570312766e-01
2.986205749511718910e-01
2.797438964843749765e-01
2.618104858398437318e-01
2.451770477294921979e-01
2.296540527343750027e-01
2.149685516357421888e-01
2.010264739990234306e-01
1.882109985351562431e-01
1.761723327636718628e-01
1.648363494873046897e-01
1.541139373779296939e-01
1.441793365478515609e-01
1.349015197753906381e-01
1.261834335327148560e-01
1.178659591674804663e-01
1.100738143920898388e-01
1.026255187988281276e-01
9.563081359863281894e-02
8.928971862792968450e-02
8.373401641845702736e-02
7.855139160156250633e-02
7.386316680908203147e-02
6.916905975341797186e-02
6.481504058837890547e-02
6.077312469482421681e-02
5.693400192260741899e-02
5.332833862304687395e-02
4.990044403076172169e-02
4.664138793945312583e-02
4.363050079345703186e-02
4.068667602539062511e-02
3.788651657104492171e-02
3.520104598999023587e-02
3.263753509521484519e-02
3.040723800659179618e-02
2.830739974975585854e-02
2.611987686157226513e-02
2.383669662475585913e-02
2.160524559020995938e-02
1.960766601562500058e-02
1.765137100219726571e-02
1.583514881134033200e-02
1.421146392822265556e-02
1.287733173370361403e-02
1.161162376403808601e-02
1.058617401123046822e-02
9.340233802795409879e-03
8.458827972412109528e-03
7.651891708374023576e-03
6.873110294342041175e-03
6.382510662078857110e-03
5.890916824340819945e-03
5.533448696136474693e-03
5.018462181091308191e-03
4.626677989959716679e-03
4.464846611022948997e-03
4.337688922882079919e-03
4.366163730621337898e-03
4.517763614654540967e-03
4.492682933807373019e-03
4.163314819335937195e-03
3.930750131607055331e-03
3.619951486587524338e-03
3.415024518966674767e-03
3.261073589324951002e-03
3.000192642211913906e-03
3.069748401641845831e-03
3.128339290618896516e-03
3.680922985076904262e-03
4.097331523895264040e-03
4.507616043090820722e-03
4.898172378540038840e-03
5.258430957794189148e-03
5.666691303253174050e-03
5.926491737365723045e-03
5.976853847503661721e-03
6.037703514099121080e-03
6.098626613616943068e-03
6.087223052978515785e-03
5.920972824096679826e-03
5.524262905120849200e-03
4.878268718719482207e-03
4.244448661804199607e-03
3.771136522293090741e-03
3.382576704025268624e-03
3.042055368423461983e-03
2.692435503005981452e-03
2.609046697616577200e-03
2.245293617248535038e-03
1.842254996299743644e-03
1.320233821868896590e-03
9.909038543701171979e-04
8.270376324653625020e-04
8.086541891098022669e-04
6.900081038475037142e-04
7.114919424057006454e-04
8.289049863815308068e-04
8.938093781471252329e-04
8.016267418861389464e-04
9.770392775535583375e-04
1.125641584396362390e-03
1.111752867698669349e-03
1.159668564796447658e-03
1.149335503578186122e-03
1.260106921195983847e-03
1.335613846778869714e-03
1.304285407066345121e-03
1.334080338478088297e-03
1.161121845245361318e-03
1.041362047195434513e-03
1.027261495590209945e-03
1.146591782569885169e-03
1.326534152030944781e-03
1.354360699653625382e-03
1.273259639739990259e-03
1.197035908699035662e-03
1.199257016181945771e-03
1.201932191848754938e-03
1.189391493797302239e-03
1.146960973739624126e-03
1.189389824867248622e-03
1.201930284500122171e-03
1.199259757995605564e-03
1.197036743164062471e-03
1.273257851600647066e-03
1.354359388351440490e-03
1.326535463333129890e-03
1.146591544151306236e-03
1.027263045310974204e-03
1.041362762451171963e-03
1.161118984222412167e-03
1.334077239036559996e-03
1.304284811019897463e-03
1.335616707801818865e-03
1.260106682777404697e-03
1.149337530136108464e-03
1.159671425819397026e-03
1.111750721931457431e-03
1.125640034675598131e-03
9.770399332046507835e-04
8.016291856765746932e-04
8.938100934028625748e-04
8.289085030555725124e-04
7.114917635917663912e-04
6.900068521499633928e-04
8.086542487144470544e-04
8.270359039306640972e-04
9.909029603004456017e-04
1.320233583450317440e-03
1.842254877090454069e-03
2.245294809341430789e-03
2.609046936035156351e-03
2.692437887191772520e-03
3.042055606842041134e-03
3.382577896118163941e-03
3.771136522293090741e-03
4.244448661804199607e-03
4.878269672393798807e-03
5.524261474609375167e-03
5.920972824096679826e-03
6.087224483489989818e-03
6.098626613616943068e-03
6.037704944610595981e-03
5.976855754852294922e-03
5.926493167877197078e-03
5.666692256927490651e-03
5.258430957794189148e-03
4.898170948028564807e-03
4.507616519927978155e-03
4.097330570220947439e-03
3.680922269821166812e-03
3.128338336944579915e-03
3.069749593734741148e-03
3.000191211700439439e-03
3.261071681976318234e-03
3.415024757385253917e-03
3.619950056076049871e-03
3.930750846862792781e-03
4.163313865661621462e-03
4.492682456970214719e-03
4.517763614654540967e-03
4.366163730621337898e-03
4.337688446044921618e-03
4.464845180511474963e-03
4.626680374145508180e-03
5.018465042114257993e-03
5.533446788787841492e-03
5.890916824340819945e-03
6.382508754730224776e-03
6.873111248016357776e-03
7.651893138885498477e-03
8.458829879760742729e-03
9.340234756469726479e-03
1.058617305755615162e-02
1.161162662506103581e-02
1.287732791900634763e-02
1.421146297454834069e-02
1.583514976501464860e-02
1.765136909484863251e-02
1.960766601562500058e-02
2.160524559020995938e-02
2.383669471740722592e-02
2.611987686157226513e-02
2.830739974975585854e-02
3.040723991394042938e-02
3.263753509521484519e-02
3.520104598999023587e-02
3.788651657104492171e-02
4.068667602539062511e-02
4.363050079345703186e-02
4.664138793945312583e-02
4.990044021606445529e-02
5.332833862304687395e-02
5.693399810791015953e-02
6.077312469482421681e-02
6.481504058837890547e-02
6.916905975341797186e-02
7.386316680908203147e-02
7.855139160156250633e-02
8.373401641845702736e-02
8.928972625732421731e-02
9.563081359863281894e-02
1.026255187988281276e-01
1.100738143920898388e-01
1.178659591674804663e-01
1.261834335327148560e-01
1.349015197753906381e-01
1.441793365478515609e-01
1.541139373779296939e-01
1.648363494873046897e-01
1.761723327636718628e-01
1.882109985351562431e-01
2.010264739990234306e-01
2.149685516357421888e-01
2.296540527343750027e-01
2.451770477294921979e-01
2.618104858398437318e-01
2.797438964843749765e-01
2.986205749511718910e-01
3.187039184570312766e-01
3.400916442871093626e-01
3.628101806640625093e-01
3.873546447753906108e-01
4.136700744628906135e-01
4.421608276367187673e-01
4.730672912597655988e-01
5.066856994628906596e-01
